0 1
0 2
0 3
0 4
0 5
0 6
0 7
0 8
0 9
0 11
0 12
0 13
0 14
0 15
0 16
0 17
0 18
0 19
0 20
0 21
0 23
0 24
0 26
0 27
0 28
0 29
0 32
0 33
0 34
0 36
0 37
0 39
0 46
0 47
0 50
0 53
0 60
0 68
0 71
0 72
0 101
0 102
0 103
0 104
0 105
0 106
0 107
0 108
0 109
0 110
0 111
0 112
0 113
0 114
0 115
0 116
0 118
0 122
0 123
0 124
0 125
0 126
0 127
0 128
0 129
0 130
0 131
0 132
0 133
0 134
0 135
0 136
0 137
0 138
0 139
0 140
0 141
0 142
0 143
0 144
0 145
0 146
0 147
0 148
0 149
0 150
1 0
1 2
1 3
1 4
1 5
1 6
1 7
1 8
1 9
1 10
1 11
1 12
1 13
1 14
1 15
1 16
1 17
1 18
1 19
1 20
1 21
1 22
1 23
1 24
1 26
1 27
1 28
1 29
1 30
1 31
1 32
1 34
1 36
1 37
1 39
1 41
1 42
1 45
1 47
1 48
1 49
1 50
1 57
1 59
1 60
1 61
1 63
1 64
1 65
1 69
1 73
1 82
1 101
1 102
1 103
1 104
1 105
1 106
1 107
1 108
1 109
1 110
1 111
1 112
1 113
1 114
1 116
1 118
1 122
1 123
1 124
1 125
1 126
1 127
1 128
1 129
1 130
1 131
1 132
1 133
1 134
1 135
1 136
1 137
1 138
1 139
1 140
1 141
1 142
1 143
1 144
1 145
1 146
1 147
1 148
1 149
2 0
2 1
2 3
2 4
2 5
2 6
2 7
2 8
2 9
2 10
2 11
2 12
2 13
2 14
2 15
2 16
2 17
2 19
2 20
2 21
2 22
2 23
2 24
2 25
2 26
2 27
2 28
2 29
2 30
2 31
2 32
2 33
2 34
2 36
2 37
2 38
2 39
2 41
2 43
2 44
2 45
2 46
2 47
2 48
2 50
2 51
2 54
2 58
2 61
2 64
2 66
2 67
2 68
2 72
2 74
2 82
2 86
2 101
2 102
2 103
2 104
2 105
2 106
2 107
2 108
2 109
2 110
2 111
2 112
2 113
2 114
2 115
2 116
2 117
2 118
2 122
2 123
2 124
2 125
2 126
2 127
2 128
2 129
2 130
2 131
2 132
2 133
2 134
2 135
2 136
2 137
2 138
2 139
2 140
2 141
2 142
2 143
2 144
2 145
2 146
2 147
2 148
2 149
2 150
3 0
3 1
3 2
3 4
3 5
3 6
3 7
3 8
3 9
3 10
3 11
3 12
3 13
3 14
3 15
3 16
3 17
3 18
3 19
3 20
3 21
3 22
3 23
3 24
3 25
3 27
3 28
3 29
3 30
3 31
3 32
3 33
3 34
3 36
3 37
3 39
3 40
3 41
3 43
3 44
3 45
3 47
3 49
3 50
3 51
3 52
3 54
3 55
3 58
3 59
3 60
3 61
3 62
3 64
3 66
3 71
3 72
3 77
3 101
3 102
3 103
3 104
3 105
3 106
3 107
3 108
3 111
3 112
3 113
3 114
3 115
3 116
3 117
3 118
3 122
3 123
3 124
3 125
3 126
3 127
3 129
3 130
3 131
3 132
3 133
3 134
3 135
3 136
3 137
3 138
3 139
3 140
3 141
3 142
3 143
3 144
3 146
3 147
3 148
4 0
4 1
4 2
4 3
4 5
4 6
4 7
4 8
4 9
4 10
4 11
4 12
4 13
4 14
4 15
4 16
4 17
4 18
4 19
4 20
4 21
4 22
4 23
4 26
4 27
4 28
4 29
4 31
4 32
4 33
4 35
4 36
4 37
4 39
4 43
4 45
4 47
4 49
4 50
4 51
4 53
4 55
4 57
4 59
4 60
4 61
4 64
4 68
4 70
4 101
4 102
4 103
4 104
4 105
4 106
4 107
4 108
4 109
4 111
4 112
4 113
4 114
4 115
4 116
4 117
4 118
4 122
4 123
4 124
4 125
4 126
4 127
4 128
4 129
4 130
4 131
4 132
4 133
4 134
4 135
4 136
4 137
4 138
4 139
4 140
4 141
4 142
4 143
4 144
4 145
4 146
4 147
4 148
4 149
4 150
5 0
5 1
5 2
5 3
5 4
5 6
5 7
5 8
5 9
5 10
5 11
5 12
5 13
5 14
5 15
5 16
5 17
5 18
5 19
5 20
5 21
5 22
5 23
5 24
5 27
5 28
5 29
5 30
5 31
5 32
5 33
5 36
5 37
5 39
5 43
5 44
5 45
5 46
5 47
5 48
5 49
5 50
5 53
5 54
5 56
5 61
5 64
5 66
5 70
5 71
5 101
5 102
5 103
5 104
5 105
5 106
5 107
5 108
5 109
5 111
5 112
5 113
5 114
5 115
5 116
5 117
5 118
5 122
5 123
5 124
5 125
5 126
5 127
5 128
5 129
5 130
5 131
5 132
5 133
5 134
5 135
5 136
5 137
5 138
5 139
5 140
5 141
5 142
5 143
5 144
5 145
5 146
5 148
5 149
6 0
6 1
6 2
6 3
6 4
6 5
6 7
6 8
6 9
6 11
6 12
6 13
6 14
6 15
6 16
6 18
6 19
6 20
6 21
6 23
6 24
6 25
6 26
6 27
6 28
6 29
6 30
6 31
6 32
6 34
6 36
6 37
6 41
6 46
6 47
6 48
6 50
6 52
6 53
6 60
6 68
6 72
6 85
6 101
6 102
6 103
6 104
6 105
6 106
6 107
6 108
6 109
6 110
6 111
6 112
6 113
6 114
6 115
6 118
6 122
6 123
6 124
6 125
6 126
6 127
6 128
6 129
6 130
6 131
6 132
6 133
6 134
6 135
6 136
6 137
6 138
6 139
6 140
6 141
6 142
6 143
6 144
6 145
6 146
6 147
6 148
6 150
7 0
7 1
7 2
7 3
7 4
7 5
7 6
7 8
7 9
7 10
7 11
7 12
7 13
7 14
7 15
7 16
7 17
7 18
7 19
7 20
7 21
7 23
7 24
7 25
7 26
7 27
7 28
7 29
7 30
7 31
7 32
7 33
7 34
7 36
7 37
7 41
7 42
7 43
7 44
7 45
7 47
7 48
7 49
7 50
7 53
7 54
7 58
7 59
7 61
7 63
7 64
7 66
7 67
7 68
7 71
7 77
7 81
7 101
7 102
7 103
7 104
7 105
7 106
7 107
7 108
7 109
7 110
7 111
7 112
7 113
7 114
7 115
7 116
7 117
7 119
7 122
7 123
7 124
7 125
7 126
7 127
7 128
7 129
7 130
7 131
7 132
7 133
7 134
7 135
7 136
7 137
7 138
7 139
7 140
7 141
7 142
7 143
7 144
7 145
7 146
7 147
7 149
7 150
8 0
8 1
8 2
8 3
8 4
8 5
8 6
8 7
8 9
8 10
8 11
8 12
8 13
8 14
8 15
8 16
8 17
8 18
8 19
8 20
8 21
8 22
8 23
8 25
8 26
8 27
8 32
8 33
8 36
8 37
8 39
8 43
8 44
8 46
8 49
8 50
8 54
8 56
8 57
8 60
8 66
8 68
8 69
8 70
8 71
8 72
8 101
8 102
8 103
8 104
8 105
8 106
8 107
8 108
8 109
8 110
8 111
8 112
8 113
8 115
8 116
8 117
8 118
8 122
8 123
8 124
8 125
8 126
8 127
8 128
8 129
8 130
8 131
8 132
8 133
8 134
8 135
8 136
8 137
8 138
8 139
8 140
8 141
8 142
8 143
8 144
8 145
8 147
8 148
8 149
8 150
9 0
9 1
9 2
9 3
9 4
9 5
9 6
9 10
9 11
9 12
9 14
9 15
9 16
9 17
9 18
9 19
9 20
9 21
9 22
9 24
9 25
9 26
9 27
9 28
9 29
9 30
9 32
9 33
9 34
9 36
9 37
9 39
9 41
9 42
9 44
9 47
9 50
9 51
9 52
9 54
9 55
9 57
9 61
9 64
9 66
9 67
9 68
9 72
9 101
9 102
9 103
9 104
9 105
9 106
9 108
9 109
9 110
9 111
9 113
9 114
9 115
9 116
9 122
9 123
9 124
9 125
9 126
9 127
9 128
9 129
9 130
9 131
9 132
9 133
9 134
9 135
9 136
9 137
9 138
9 139
9 140
9 141
9 142
9 143
9 144
9 145
9 146
9 147
9 148
9 149
9 150
10 0
10 1
10 2
10 3
10 4
10 5
10 6
10 7
10 8
10 9
10 11
10 12
10 13
10 14
10 15
10 16
10 17
10 18
10 19
10 20
10 22
10 23
10 24
10 25
10 27
10 28
10 29
10 30
10 34
10 36
10 37
10 39
10 41
10 43
10 44
10 45
10 47
10 48
10 49
10 50
10 51
10 53
10 58
10 61
10 64
10 70
10 86
10 101
10 102
10 103
10 104
10 105
10 106
10 107
10 108
10 109
10 110
10 111
10 112
10 113
10 114
10 115
10 116
10 117
10 118
10 119
10 122
10 123
10 124
10 125
10 126
10 127
10 128
10 129
10 130
10 131
10 132
10 133
10 134
10 135
10 136
10 137
10 138
10 139
10 140
10 141
10 142
10 143
10 144
10 145
10 146
10 147
10 148
10 149
10 150
11 0
11 1
11 2
11 3
11 4
11 5
11 6
11 7
11 9
11 10
11 12
11 14
11 15
11 16
11 17
11 18
11 19
11 20
11 21
11 22
11 23
11 24
11 25
11 26
11 27
11 28
11 29
11 30
11 31
11 32
11 34
11 36
11 37
11 39
11 41
11 43
11 45
11 46
11 47
11 50
11 54
11 60
11 64
11 66
11 70
11 101
11 102
11 103
11 104
11 105
11 106
11 107
11 108
11 109
11 110
11 111
11 112
11 113
11 114
11 115
11 116
11 117
11 118
11 122
11 123
11 124
11 125
11 126
11 127
11 128
11 129
11 130
11 131
11 132
11 133
11 134
11 135
11 136
11 137
11 138
11 139
11 140
11 141
11 142
11 144
11 145
11 146
11 147
11 148
11 149
11 150
12 0
12 1
12 2
12 3
12 4
12 5
12 6
12 7
12 8
12 9
12 10
12 11
12 13
12 14
12 16
12 17
12 18
12 19
12 20
12 21
12 22
12 23
12 26
12 27
12 28
12 29
12 30
12 31
12 32
12 33
12 34
12 35
12 36
12 37
12 39
12 41
12 44
12 45
12 47
12 50
12 51
12 52
12 54
12 55
12 57
12 59
12 60
12 61
12 64
12 66
12 67
12 68
12 70
12 72
12 76
12 82
12 86
12 91
12 103
12 104
12 106
12 107
12 108
12 109
12 111
12 112
12 115
12 116
12 117
12 118
12 122
12 123
12 124
12 125
12 126
12 127
12 128
12 129
12 130
12 131
12 132
12 133
12 134
12 135
12 136
12 137
12 138
12 139
12 140
12 141
12 142
12 144
12 145
12 146
12 147
12 148
12 149
13 0
13 1
13 2
13 3
13 4
13 5
13 6
13 7
13 8
13 9
13 10
13 12
13 14
13 15
13 16
13 17
13 18
13 19
13 20
13 21
13 22
13 23
13 27
13 28
13 29
13 30
13 31
13 32
13 33
13 34
13 35
13 37
13 39
13 41
13 43
13 45
13 46
13 47
13 48
13 50
13 59
13 60
13 61
13 64
13 66
13 67
13 68
13 69
13 71
13 73
13 74
13 101
13 102
13 103
13 104
13 105
13 106
13 107
13 108
13 110
13 111
13 112
13 114
13 117
13 118
13 119
13 122
13 123
13 124
13 125
13 126
13 127
13 128
13 129
13 130
13 131
13 132
13 133
13 134
13 135
13 136
13 137
13 138
13 139
13 140
13 141
13 142
13 143
13 144
13 145
13 146
13 147
13 148
13 149
13 150
14 0
14 1
14 2
14 3
14 4
14 5
14 6
14 7
14 8
14 9
14 10
14 11
14 12
14 13
14 15
14 16
14 17
14 18
14 19
14 20
14 21
14 24
14 25
14 26
14 27
14 28
14 29
14 30
14 32
14 34
14 36
14 37
14 39
14 45
14 47
14 50
14 51
14 52
14 53
14 59
14 60
14 66
14 67
14 70
14 72
14 88
14 91
14 94
14 101
14 102
14 103
14 104
14 105
14 106
14 107
14 108
14 109
14 110
14 111
14 112
14 113
14 114
14 115
14 116
14 122
14 123
14 124
14 125
14 126
14 127
14 128
14 129
14 130
14 131
14 132
14 133
14 134
14 135
14 136
14 137
14 138
14 139
14 140
14 141
14 142
14 143
14 144
14 146
14 147
14 148
14 149
14 150
15 0
15 1
15 2
15 3
15 4
15 5
15 6
15 7
15 8
15 9
15 10
15 12
15 13
15 14
15 16
15 17
15 18
15 19
15 20
15 21
15 22
15 23
15 24
15 25
15 26
15 27
15 28
15 29
15 31
15 32
15 35
15 36
15 37
15 39
15 41
15 45
15 47
15 48
15 50
15 56
15 59
15 60
15 61
15 62
15 63
15 64
15 66
15 70
15 71
15 72
15 85
15 101
15 102
15 103
15 104
15 105
15 106
15 107
15 108
15 109
15 110
15 111
15 112
15 113
15 114
15 115
15 116
15 118
15 119
15 122
15 123
15 124
15 125
15 126
15 127
15 128
15 130
15 131
15 132
15 133
15 134
15 135
15 136
15 137
15 138
15 139
15 140
15 141
15 142
15 143
15 144
15 145
15 146
15 148
15 150
16 0
16 1
16 2
16 3
16 4
16 5
16 6
16 8
16 9
16 10
16 11
16 12
16 13
16 14
16 15
16 17
16 18
16 19
16 20
16 21
16 23
16 25
16 27
16 28
16 29
16 31
16 32
16 33
16 34
16 36
16 37
16 39
16 45
16 48
16 49
16 54
16 60
16 61
16 64
16 73
16 101
16 102
16 103
16 104
16 105
16 106
16 107
16 108
16 109
16 110
16 112
16 113
16 114
16 116
16 118
16 122
16 123
16 124
16 125
16 126
16 127
16 128
16 129
16 130
16 131
16 132
16 133
16 134
16 135
16 136
16 137
16 138
16 139
16 141
16 142
16 143
16 144
16 145
16 146
16 147
16 148
16 149
17 0
17 1
17 2
17 3
17 4
17 5
17 7
17 8
17 9
17 10
17 12
17 14
17 15
17 16
17 18
17 19
17 21
17 22
17 23
17 24
17 25
17 26
17 27
17 28
17 29
17 30
17 31
17 33
17 35
17 36
17 37
17 38
17 39
17 40
17 43
17 45
17 46
17 47
17 50
17 51
17 52
17 55
17 56
17 57
17 59
17 60
17 61
17 64
17 66
17 67
17 68
17 69
17 70
17 71
17 72
17 88
17 101
17 103
17 104
17 106
17 107
17 109
17 110
17 111
17 112
17 113
17 114
17 115
17 116
17 117
17 118
17 122
17 123
17 124
17 125
17 126
17 127
17 128
17 129
17 130
17 131
17 132
17 133
17 134
17 135
17 136
17 137
17 138
17 139
17 140
17 141
17 143
17 144
17 145
17 146
17 147
17 148
17 149
17 150
18 0
18 2
18 3
18 4
18 5
18 6
18 7
18 8
18 10
18 11
18 12
18 13
18 14
18 15
18 16
18 19
18 20
18 21
18 22
18 23
18 24
18 25
18 26
18 27
18 28
18 29
18 30
18 31
18 32
18 33
18 34
18 35
18 36
18 37
18 39
18 40
18 41
18 45
18 47
18 49
18 50
18 53
18 55
18 58
18 60
18 61
18 63
18 66
18 77
18 80
18 91
18 94
18 101
18 103
18 104
18 106
18 107
18 108
18 110
18 111
18 112
18 115
18 116
18 117
18 118
18 122
18 123
18 124
18 125
18 126
18 127
18 128
18 129
18 130
18 131
18 132
18 133
18 134
18 135
18 136
18 137
18 138
18 139
18 140
18 141
18 142
18 143
18 144
18 146
18 148
18 149
18 150
19 0
19 1
19 2
19 3
19 4
19 5
19 6
19 7
19 8
19 9
19 10
19 11
19 12
19 13
19 14
19 15
19 16
19 17
19 20
19 21
19 22
19 23
19 24
19 26
19 27
19 29
19 30
19 31
19 32
19 33
19 37
19 38
19 40
19 41
19 43
19 44
19 48
19 50
19 53
19 55
19 58
19 59
19 61
19 62
19 64
19 70
19 74
19 101
19 102
19 103
19 104
19 105
19 106
19 107
19 108
19 110
19 112
19 113
19 115
19 116
19 117
19 118
19 122
19 123
19 124
19 125
19 126
19 127
19 128
19 129
19 130
19 131
19 132
19 133
19 134
19 135
19 136
19 137
19 138
19 139
19 140
19 141
19 142
19 143
19 144
19 145
19 146
19 147
19 148
19 149
20 0
20 1
20 2
20 3
20 4
20 5
20 6
20 7
20 8
20 9
20 10
20 11
20 12
20 13
20 14
20 15
20 16
20 17
20 18
20 19
20 21
20 22
20 23
20 25
20 26
20 27
20 28
20 29
20 30
20 32
20 36
20 37
20 39
20 45
20 46
20 47
20 49
20 50
20 53
20 57
20 60
20 61
20 69
20 101
20 102
20 103
20 104
20 105
20 106
20 107
20 108
20 110
20 111
20 112
20 113
20 114
20 115
20 116
20 117
20 118
20 122
20 123
20 124
20 125
20 126
20 128
20 129
20 130
20 131
20 132
20 133
20 134
20 136
20 137
20 138
20 139
20 140
20 141
20 142
20 143
20 144
20 145
20 146
20 147
20 148
20 149
20 150
21 0
21 1
21 2
21 3
21 4
21 5
21 6
21 7
21 8
21 9
21 10
21 11
21 12
21 13
21 14
21 15
21 16
21 17
21 18
21 19
21 20
21 22
21 23
21 25
21 27
21 28
21 29
21 30
21 31
21 32
21 33
21 34
21 35
21 37
21 39
21 47
21 49
21 50
21 55
21 57
21 58
21 59
21 60
21 101
21 102
21 103
21 104
21 105
21 106
21 107
21 108
21 109
21 110
21 111
21 112
21 114
21 115
21 116
21 117
21 118
21 122
21 123
21 124
21 125
21 126
21 127
21 128
21 129
21 130
21 131
21 132
21 133
21 134
21 135
21 136
21 137
21 138
21 139
21 140
21 141
21 143
21 144
21 146
21 147
21 148
21 149
22 1
22 3
22 4
22 5
22 6
22 8
22 9
22 10
22 11
22 12
22 13
22 14
22 15
22 16
22 18
22 19
22 20
22 21
22 23
22 24
22 25
22 27
22 28
22 29
22 30
22 31
22 32
22 35
22 36
22 37
22 39
22 43
22 45
22 46
22 47
22 53
22 59
22 60
22 65
22 66
22 68
22 70
22 71
22 72
22 74
22 75
22 77
22 82
22 86
22 87
22 101
22 102
22 103
22 104
22 105
22 106
22 108
22 109
22 110
22 111
22 112
22 113
22 114
22 115
22 117
22 118
22 122
22 123
22 124
22 125
22 126
22 128
22 129
22 130
22 131
22 132
22 133
22 134
22 136
22 138
22 139
22 140
22 141
22 142
22 143
22 144
22 145
22 146
22 147
22 148
22 149
22 150
23 0
23 1
23 2
23 3
23 4
23 5
23 6
23 7
23 8
23 9
23 10
23 11
23 13
23 14
23 15
23 16
23 17
23 18
23 19
23 20
23 21
23 25
23 26
23 27
23 28
23 29
23 30
23 31
23 32
23 33
23 37
23 39
23 40
23 41
23 47
23 48
23 50
23 52
23 53
23 54
23 58
23 59
23 60
23 61
23 62
23 64
23 67
23 68
23 71
23 72
23 101
23 102
23 103
23 104
23 105
23 106
23 107
23 108
23 109
23 112
23 113
23 114
23 115
23 116
23 118
23 122
23 123
23 124
23 125
23 126
23 127
23 128
23 129
23 130
23 131
23 132
23 133
23 134
23 135
23 136
23 137
23 138
23 139
23 140
23 141
23 142
23 143
23 144
23 145
23 146
23 147
23 148
23 149
23 150
24 2
24 3
24 4
24 5
24 9
24 12
24 13
24 14
24 16
24 17
24 18
24 19
24 20
24 22
24 25
24 26
24 27
24 28
24 29
24 30
24 31
24 32
24 33
24 34
24 35
24 37
24 38
24 39
24 41
24 43
24 44
24 45
24 46
24 47
24 48
24 49
24 50
24 56
24 57
24 58
24 60
24 61
24 62
24 63
24 65
24 66
24 67
24 70
24 78
24 91
24 101
24 102
24 103
24 104
24 105
24 107
24 108
24 111
24 113
24 114
24 115
24 117
24 118
24 119
24 122
24 123
24 124
24 125
24 126
24 127
24 128
24 129
24 130
24 131
24 132
24 133
24 134
24 135
24 136
24 137
24 138
24 139
24 140
24 142
24 143
24 144
24 145
24 146
24 147
24 148
24 149
25 0
25 2
25 4
25 5
25 7
25 8
25 9
25 11
25 12
25 13
25 14
25 15
25 16
25 17
25 18
25 19
25 20
25 21
25 22
25 23
25 26
25 27
25 28
25 29
25 30
25 32
25 33
25 34
25 35
25 36
25 37
25 39
25 40
25 41
25 42
25 43
25 44
25 45
25 46
25 48
25 50
25 51
25 53
25 56
25 57
25 58
25 59
25 60
25 61
25 62
25 63
25 64
25 66
25 67
25 68
25 69
25 70
25 71
25 73
25 74
25 76
25 81
25 101
25 102
25 103
25 104
25 105
25 106
25 107
25 108
25 110
25 111
25 112
25 113
25 114
25 115
25 116
25 119
25 122
25 123
25 124
25 125
25 126
25 127
25 128
25 129
25 130
25 131
25 132
25 133
25 134
25 136
25 137
25 138
25 140
25 141
25 142
25 143
25 144
25 145
25 146
25 147
25 148
25 149
25 150
26 0
26 1
26 3
26 4
26 5
26 7
26 11
26 12
26 14
26 15
26 16
26 18
26 19
26 21
26 22
26 24
26 25
26 27
26 28
26 29
26 30
26 31
26 32
26 33
26 34
26 35
26 36
26 38
26 39
26 40
26 41
26 42
26 43
26 44
26 45
26 46
26 47
26 48
26 49
26 50
26 54
26 56
26 57
26 59
26 61
26 62
26 64
26 65
26 66
26 67
26 69
26 70
26 71
26 73
26 74
26 77
26 101
26 102
26 103
26 104
26 105
26 106
26 107
26 108
26 109
26 110
26 111
26 112
26 113
26 114
26 116
26 117
26 118
26 119
26 122
26 123
26 124
26 125
26 126
26 127
26 128
26 129
26 130
26 131
26 132
26 133
26 134
26 136
26 138
26 139
26 140
26 141
26 142
26 143
26 144
26 145
26 147
26 148
26 149
26 150
27 0
27 1
27 2
27 3
27 4
27 5
27 6
27 7
27 8
27 11
27 12
27 13
27 14
27 15
27 16
27 17
27 18
27 19
27 21
27 23
27 26
27 28
27 29
27 30
27 31
27 32
27 33
27 34
27 36
27 37
27 47
27 48
27 50
27 53
27 58
27 59
27 61
27 65
27 67
27 68
27 69
27 72
27 73
27 74
27 101
27 102
27 103
27 104
27 105
27 107
27 108
27 109
27 110
27 111
27 112
27 113
27 114
27 115
27 116
27 118
27 122
27 123
27 124
27 125
27 126
27 127
27 128
27 129
27 130
27 131
27 132
27 133
27 134
27 135
27 136
27 138
27 139
27 140
27 141
27 142
27 143
27 144
27 145
27 146
27 147
27 148
27 149
28 0
28 1
28 3
28 4
28 6
28 7
28 8
28 9
28 10
28 11
28 12
28 13
28 14
28 15
28 16
28 17
28 18
28 19
28 20
28 21
28 22
28 23
28 24
28 25
28 26
28 29
28 30
28 31
28 33
28 34
28 35
28 36
28 37
28 40
28 41
28 42
28 43
28 44
28 45
28 49
28 50
28 53
28 54
28 55
28 56
28 57
28 58
28 59
28 60
28 63
28 64
28 65
28 66
28 67
28 68
28 70
28 71
28 72
28 75
28 80
28 85
28 101
28 102
28 103
28 104
28 105
28 106
28 108
28 109
28 111
28 112
28 113
28 115
28 116
28 117
28 122
28 123
28 124
28 125
28 126
28 127
28 128
28 129
28 130
28 131
28 132
28 133
28 134
28 136
28 137
28 138
28 139
28 140
28 142
28 143
28 144
28 145
28 146
28 147
28 148
28 149
28 150
29 0
29 1
29 2
29 3
29 4
29 5
29 6
29 7
29 8
29 9
29 10
29 11
29 12
29 13
29 15
29 16
29 17
29 18
29 19
29 20
29 23
29 24
29 25
29 27
29 28
29 31
29 32
29 33
29 34
29 36
29 37
29 39
29 41
29 43
29 44
29 46
29 48
29 50
29 53
29 54
29 55
29 57
29 58
29 61
29 64
29 66
29 67
29 70
29 71
29 74
29 78
29 80
29 101
29 102
29 103
29 105
29 106
29 107
29 110
29 111
29 113
29 114
29 115
29 116
29 118
29 122
29 123
29 124
29 125
29 126
29 127
29 128
29 129
29 130
29 131
29 132
29 133
29 134
29 136
29 137
29 138
29 139
29 140
29 141
29 142
29 144
29 146
29 147
29 148
29 149
30 0
30 1
30 2
30 3
30 4
30 9
30 12
30 13
30 15
30 17
30 18
30 19
30 22
30 23
30 24
30 25
30 26
30 28
30 31
30 32
30 33
30 34
30 35
30 37
30 38
30 39
30 42
30 43
30 44
30 45
30 46
30 47
30 49
30 50
30 51
30 52
30 53
30 54
30 55
30 59
30 60
30 61
30 63
30 64
30 66
30 68
30 69
30 70
30 71
30 74
30 80
30 81
30 87
30 101
30 102
30 103
30 105
30 106
30 107
30 109
30 111
30 112
30 113
30 114
30 115
30 117
30 118
30 122
30 123
30 124
30 125
30 126
30 127
30 128
30 129
30 130
30 131
30 132
30 133
30 134
30 135
30 136
30 139
30 140
30 141
30 143
30 145
30 146
30 147
30 148
31 0
31 1
31 2
31 3
31 6
31 7
31 8
31 9
31 10
31 11
31 13
31 14
31 15
31 16
31 17
31 18
31 19
31 20
31 21
31 22
31 23
31 24
31 26
31 27
31 28
31 30
31 33
31 34
31 36
31 37
31 42
31 45
31 46
31 48
31 49
31 50
31 54
31 55
31 56
31 59
31 60
31 61
31 64
31 66
31 67
31 69
31 70
31 71
31 72
31 74
31 75
31 101
31 102
31 103
31 104
31 105
31 106
31 107
31 108
31 109
31 110
31 111
31 113
31 122
31 123
31 124
31 125
31 126
31 127
31 128
31 129
31 130
31 131
31 132
31 133
31 134
31 135
31 136
31 137
31 138
31 139
31 140
31 142
31 143
31 145
31 146
31 147
31 149
32 0
32 1
32 2
32 3
32 4
32 5
32 6
32 7
32 8
32 9
32 10
32 12
32 14
32 15
32 16
32 17
32 18
32 19
32 20
32 21
32 22
32 24
32 25
32 26
32 27
32 29
32 30
32 31
32 33
32 35
32 36
32 37
32 40
32 41
32 43
32 44
32 45
32 46
32 47
32 48
32 49
32 51
32 53
32 57
32 59
32 60
32 64
32 66
32 67
32 101
32 102
32 103
32 104
32 105
32 106
32 107
32 110
32 111
32 112
32 113
32 114
32 115
32 116
32 117
32 118
32 122
32 123
32 124
32 125
32 126
32 127
32 128
32 129
32 130
32 131
32 132
32 133
32 134
32 135
32 136
32 137
32 138
32 139
32 140
32 141
32 142
32 143
32 145
32 146
32 147
32 148
32 150
33 0
33 2
33 3
33 4
33 5
33 6
33 7
33 8
33 9
33 10
33 11
33 12
33 14
33 16
33 17
33 19
33 23
33 24
33 26
33 27
33 28
33 29
33 30
33 31
33 32
33 36
33 37
33 38
33 39
33 41
33 43
33 44
33 45
33 47
33 48
33 50
33 51
33 52
33 53
33 55
33 56
33 57
33 59
33 61
33 63
33 64
33 66
33 68
33 75
33 91
33 94
33 101
33 102
33 103
33 104
33 105
33 106
33 107
33 108
33 110
33 111
33 114
33 117
33 119
33 122
33 123
33 124
33 125
33 126
33 127
33 128
33 129
33 130
33 131
33 132
33 133
33 134
33 135
33 136
33 137
33 138
33 139
33 140
33 141
33 142
33 143
33 144
33 145
33 146
33 147
33 148
33 149
33 150
34 0
34 2
34 3
34 5
34 9
34 12
34 13
34 14
34 23
34 24
34 26
34 27
34 28
34 30
34 31
34 32
34 33
34 35
34 36
34 38
34 39
34 40
34 41
34 42
34 45
34 46
34 47
34 48
34 49
34 52
34 53
34 54
34 56
34 57
34 58
34 59
34 60
34 61
34 62
34 63
34 64
34 68
34 70
34 71
34 73
34 74
34 75
34 76
34 81
34 82
34 87
34 101
34 102
34 103
34 104
34 105
34 107
34 109
34 110
34 111
34 114
34 122
34 123
34 124
34 125
34 126
34 127
34 128
34 129
34 130
34 131
34 132
34 133
34 134
34 135
34 136
34 137
34 138
34 139
34 141
34 143
34 144
34 145
34 146
34 147
35 4
35 13
35 16
35 18
35 22
35 24
35 26
35 30
35 31
35 34
35 38
35 39
35 40
35 41
35 42
35 43
35 45
35 46
35 47
35 48
35 49
35 50
35 51
35 52
35 53
35 54
35 56
35 57
35 58
35 61
35 62
35 63
35 65
35 67
35 69
35 71
35 72
35 73
35 74
35 76
35 77
35 84
35 87
35 88
35 91
35 93
35 94
35 101
35 102
35 103
35 104
35 105
35 106
35 107
35 108
35 109
35 110
35 111
35 112
35 113
35 115
35 116
35 118
35 120
35 122
35 123
35 124
35 125
35 126
35 127
35 128
35 129
35 130
35 131
35 132
35 133
35 134
35 135
35 136
35 138
35 140
35 141
35 142
35 144
35 146
35 149
35 150
36 0
36 1
36 2
36 3
36 4
36 6
36 8
36 10
36 12
36 13
36 14
36 15
36 16
36 17
36 18
36 19
36 20
36 22
36 23
36 24
36 26
36 27
36 28
36 29
36 30
36 31
36 34
36 37
36 38
36 40
36 43
36 46
36 47
36 49
36 53
36 55
36 57
36 63
36 64
36 65
36 68
36 70
36 74
36 101
36 102
36 103
36 104
36 105
36 107
36 109
36 110
36 111
36 112
36 113
36 114
36 115
36 116
36 122
36 123
36 124
36 125
36 126
36 127
36 128
36 130
36 131
36 132
36 133
36 134
36 135
36 136
36 138
36 139
36 140
36 142
36 143
36 144
36 145
36 147
36 148
36 149
37 0
37 1
37 2
37 3
37 4
37 5
37 6
37 7
37 8
37 9
37 10
37 11
37 12
37 14
37 15
37 16
37 18
37 20
37 21
37 23
37 24
37 25
37 27
37 28
37 29
37 31
37 32
37 33
37 36
37 43
37 46
37 47
37 48
37 52
37 53
37 58
37 59
37 60
37 64
37 66
37 101
37 102
37 103
37 104
37 105
37 106
37 107
37 109
37 110
37 112
37 113
37 114
37 115
37 118
37 119
37 122
37 123
37 124
37 125
37 126
37 127
37 128
37 129
37 130
37 131
37 132
37 133
37 134
37 135
37 136
37 137
37 138
37 140
37 141
37 142
37 143
37 145
37 146
37 147
37 148
37 150
38 3
38 5
38 9
38 11
38 16
38 25
38 34
38 35
38 36
38 40
38 42
38 44
38 45
38 47
38 48
38 49
38 52
38 56
38 61
38 64
38 65
38 67
38 68
38 69
38 72
38 73
38 74
38 75
38 76
38 77
38 78
38 80
38 81
38 82
38 85
38 101
38 102
38 103
38 104
38 105
38 106
38 107
38 109
38 110
38 111
38 112
38 113
38 118
38 122
38 123
38 124
38 125
38 126
38 127
38 128
38 129
38 130
38 131
38 132
38 133
38 134
38 135
38 136
38 137
38 138
38 139
38 140
38 143
38 144
38 145
38 146
38 147
38 149
38 150
39 0
39 2
39 3
39 4
39 6
39 7
39 9
39 10
39 11
39 12
39 13
39 14
39 15
39 16
39 17
39 18
39 19
39 21
39 23
39 24
39 28
39 29
39 30
39 31
39 32
39 33
39 35
39 36
39 40
39 42
39 43
39 45
39 46
39 47
39 48
39 50
39 51
39 53
39 55
39 57
39 58
39 59
39 60
39 61
39 62
39 65
39 66
39 68
39 69
39 71
39 72
39 74
39 80
39 101
39 102
39 103
39 104
39 105
39 106
39 107
39 108
39 110
39 111
39 112
39 113
39 114
39 115
39 116
39 118
39 121
39 122
39 123
39 124
39 125
39 126
39 127
39 128
39 129
39 130
39 131
39 134
39 135
39 136
39 137
39 138
39 140
39 143
39 144
39 145
39 146
39 147
39 149
39 150
40 1
40 7
40 20
40 23
40 28
40 30
40 32
40 33
40 35
40 36
40 38
40 39
40 43
40 44
40 45
40 46
40 48
40 51
40 54
40 55
40 56
40 57
40 58
40 62
40 63
40 65
40 67
40 69
40 70
40 71
40 72
40 73
40 75
40 76
40 78
40 80
40 81
40 88
40 94
40 101
40 102
40 103
40 105
40 106
40 107
40 108
40 110
40 111
40 113
40 114
40 115
40 118
40 119
40 122
40 123
40 124
40 125
40 126
40 127
40 128
40 129
40 130
40 131
40 132
40 133
40 134
40 135
40 136
40 138
40 139
40 140
40 141
40 143
40 145
40 146
40 148
40 149
41 3
41 10
41 11
41 12
41 13
41 18
41 21
41 23
41 24
41 26
41 28
41 34
41 35
41 37
41 39
41 40
41 42
41 43
41 44
41 45
41 47
41 48
41 50
41 51
41 52
41 53
41 54
41 55
41 56
41 57
41 58
41 60
41 61
41 63
41 65
41 67
41 68
41 69
41 70
41 71
41 73
41 74
41 75
41 76
41 80
41 82
41 85
41 88
41 101
41 102
41 103
41 106
41 107
41 108
41 109
41 110
41 111
41 113
41 114
41 118
41 122
41 123
41 124
41 125
41 126
41 127
41 128
41 129
41 130
41 131
41 132
41 133
41 135
41 136
41 139
41 140
41 142
41 143
41 145
41 147
41 148
41 150
42 9
42 10
42 12
42 13
42 14
42 17
42 18
42 19
42 22
42 24
42 26
42 30
42 34
42 35
42 36
42 38
42 41
42 43
42 44
42 45
42 46
42 47
42 48
42 49
42 50
42 52
42 53
42 54
42 56
42 57
42 58
42 60
42 61
42 62
42 63
42 64
42 65
42 67
42 69
42 70
42 71
42 72
42 73
42 74
42 75
42 76
42 78
42 81
42 87
42 101
42 102
42 103
42 104
42 106
42 107
42 108
42 109
42 110
42 111
42 112
42 113
42 114
42 115
42 122
42 123
42 124
42 125
42 126
42 127
42 128
42 129
42 130
42 131
42 134
42 135
42 137
42 138
42 139
42 140
42 142
42 143
42 144
42 145
42 146
42 147
43 2
43 3
43 11
43 12
43 16
43 17
43 19
43 21
43 23
43 24
43 25
43 26
43 28
43 29
43 30
43 31
43 33
43 35
43 36
43 37
43 38
43 40
43 41
43 44
43 45
43 46
43 50
43 52
43 53
43 54
43 55
43 57
43 58
43 62
43 63
43 64
43 65
43 66
43 68
43 70
43 71
43 72
43 75
43 76
43 82
43 101
43 102
43 103
43 104
43 105
43 106
43 107
43 108
43 109
43 113
43 114
43 122
43 123
43 124
43 125
43 126
43 127
43 128
43 129
43 130
43 131
43 132
43 133
43 134
43 135
43 136
43 138
43 141
43 142
43 145
43 146
43 148
43 149
43 150
44 7
44 9
44 12
44 14
44 17
44 19
44 24
44 26
44 34
44 35
44 38
44 40
44 41
44 42
44 45
44 46
44 47
44 48
44 49
44 50
44 51
44 52
44 53
44 54
44 58
44 59
44 61
44 62
44 65
44 67
44 68
44 70
44 72
44 73
44 74
44 75
44 76
44 77
44 79
44 80
44 81
44 82
44 90
44 93
44 101
44 103
44 104
44 105
44 107
44 109
44 110
44 111
44 114
44 122
44 123
44 124
44 125
44 126
44 127
44 128
44 129
44 130
44 131
44 132
44 133
44 134
44 135
44 138
44 139
44 144
44 145
44 147
44 149
45 1
45 3
45 4
45 5
45 7
45 8
45 12
45 17
45 18
45 19
45 22
45 24
45 25
45 28
45 29
45 30
45 31
45 32
45 33
45 34
45 37
45 40
45 41
45 42
45 43
45 44
45 47
45 48
45 51
45 53
45 54
45 57
45 58
45 59
45 61
45 62
45 66
45 67
45 68
45 69
45 70
45 71
45 73
45 75
45 76
45 80
45 87
45 89
45 91
45 101
45 102
45 103
45 104
45 105
45 106
45 107
45 109
45 110
45 111
45 112
45 113
45 119
45 120
45 122
45 123
45 124
45 125
45 126
45 127
45 128
45 129
45 130
45 131
45 132
45 133
45 134
45 135
45 136
45 137
45 139
45 140
45 142
45 144
45 146
45 148
45 149
46 1
46 3
46 16
46 20
46 23
46 26
46 30
46 33
46 35
46 36
46 38
46 40
46 42
46 43
46 44
46 45
46 47
46 48
46 49
46 50
46 51
46 52
46 53
46 55
46 56
46 57
46 58
46 59
46 60
46 61
46 62
46 63
46 64
46 65
46 66
46 67
46 68
46 69
46 71
46 72
46 73
46 74
46 93
46 101
46 102
46 103
46 104
46 105
46 106
46 107
46 109
46 111
46 112
46 113
46 122
46 123
46 124
46 125
46 126
46 127
46 128
46 129
46 130
46 131
46 132
46 133
46 134
46 135
46 136
46 138
46 139
46 140
46 143
46 144
46 145
46 146
46 148
46 149
46 150
47 3
47 4
47 5
47 6
47 7
47 8
47 9
47 10
47 11
47 12
47 13
47 14
47 15
47 17
47 18
47 19
47 21
47 23
47 24
47 25
47 26
47 27
47 29
47 30
47 32
47 35
47 37
47 38
47 39
47 41
47 44
47 45
47 46
47 49
47 50
47 55
47 58
47 59
47 60
47 61
47 64
47 66
47 67
47 70
47 76
47 77
47 78
47 82
47 98
47 101
47 102
47 103
47 104
47 105
47 106
47 108
47 109
47 111
47 113
47 115
47 118
47 122
47 123
47 124
47 125
47 126
47 127
47 128
47 130
47 131
47 132
47 134
47 135
47 139
47 140
47 142
47 143
47 145
47 146
47 148
48 0
48 4
48 6
48 7
48 8
48 9
48 12
48 13
48 14
48 19
48 21
48 23
48 24
48 27
48 28
48 29
48 30
48 31
48 32
48 33
48 34
48 35
48 38
48 40
48 42
48 43
48 45
48 46
48 49
48 50
48 52
48 53
48 55
48 56
48 57
48 58
48 59
48 60
48 61
48 62
48 63
48 66
48 70
48 71
48 77
48 78
48 80
48 83
48 101
48 102
48 103
48 104
48 105
48 106
48 108
48 109
48 110
48 111
48 113
48 114
48 117
48 118
48 122
48 123
48 124
48 125
48 126
48 127
48 128
48 129
48 130
48 131
48 132
48 133
48 134
48 135
48 138
48 139
48 140
48 144
48 145
48 147
48 148
49 0
49 1
49 3
49 4
49 10
49 12
49 13
49 16
49 17
49 19
49 23
49 24
49 25
49 26
49 28
49 30
49 31
49 32
49 33
49 34
49 38
49 41
49 42
49 44
49 45
49 46
49 47
49 48
49 51
49 52
49 54
49 55
49 56
49 57
49 58
49 59
49 60
49 61
49 64
49 66
49 70
49 71
49 72
49 80
49 101
49 102
49 103
49 105
49 106
49 107
49 108
49 109
49 111
49 112
49 113
49 114
49 115
49 122
49 123
49 124
49 125
49 126
49 127
49 128
49 129
49 130
49 131
49 132
49 133
49 134
49 135
49 136
49 137
49 138
49 139
49 140
49 143
49 144
49 145
49 146
49 148
49 150
50 1
50 2
50 3
50 4
50 6
50 8
50 9
50 10
50 11
50 12
50 13
50 14
50 16
50 17
50 18
50 20
50 21
50 22
50 25
50 26
50 28
50 29
50 30
50 32
50 33
50 34
50 35
50 36
50 37
50 38
50 39
50 41
50 43
50 47
50 48
50 53
50 55
50 56
50 57
50 58
50 59
50 61
50 66
50 69
50 75
50 82
50 88
50 101
50 103
50 104
50 105
50 106
50 107
50 109
50 110
50 111
50 113
50 114
50 122
50 123
50 124
50 125
50 126
50 127
50 128
50 132
50 133
50 134
50 135
50 137
50 138
50 140
50 141
50 143
50 146
50 149
50 150
51 1
51 3
51 4
51 8
51 13
51 15
51 16
51 17
51 20
51 23
51 24
51 30
51 31
51 32
51 33
51 35
51 40
51 41
51 42
51 43
51 44
51 46
51 49
51 50
51 52
51 53
51 54
51 55
51 56
51 57
51 58
51 60
51 62
51 63
51 64
51 66
51 67
51 68
51 69
51 70
51 72
51 76
51 77
51 82
51 85
51 101
51 102
51 103
51 104
51 105
51 106
51 107
51 109
51 110
51 111
51 113
51 120
51 123
51 125
51 126
51 127
51 128
51 129
51 130
51 131
51 134
51 135
51 139
51 140
51 143
51 144
51 147
52 2
52 4
52 10
52 12
52 18
52 22
52 24
52 28
52 31
52 34
52 35
52 38
52 39
52 40
52 41
52 42
52 44
52 46
52 48
52 50
52 51
52 54
52 55
52 56
52 57
52 58
52 59
52 60
52 61
52 62
52 63
52 65
52 66
52 68
52 70
52 73
52 74
52 77
52 78
52 79
52 80
52 84
52 101
52 102
52 103
52 105
52 107
52 109
52 110
52 111
52 113
52 114
52 117
52 122
52 123
52 124
52 125
52 126
52 127
52 128
52 129
52 130
52 131
52 132
52 133
52 134
52 135
52 136
52 139
52 140
52 142
52 143
52 144
52 145
52 146
52 149
53 1
53 3
53 5
53 9
53 11
53 12
53 14
53 16
53 18
53 22
53 23
53 24
53 25
53 26
53 28
53 29
53 30
53 33
53 37
53 38
53 39
53 41
53 43
53 44
53 45
53 47
53 50
53 51
53 54
53 56
53 57
53 58
53 59
53 62
53 63
53 64
53 68
53 70
53 71
53 74
53 76
53 80
53 81
53 82
53 89
53 101
53 102
53 103
53 104
53 105
53 106
53 107
53 109
53 110
53 111
53 113
53 114
53 122
53 123
53 124
53 125
53 126
53 127
53 128
53 129
53 130
53 131
53 134
53 135
53 136
53 139
53 140
53 142
53 143
53 144
53 145
53 146
53 147
53 149
54 7
54 11
54 15
54 18
54 24
54 25
54 28
54 30
54 31
54 33
54 34
54 35
54 39
54 40
54 41
54 42
54 43
54 44
54 45
54 46
54 47
54 48
54 49
54 51
54 52
54 53
54 58
54 61
54 62
54 63
54 66
54 67
54 69
54 71
54 80
54 82
54 83
54 85
54 87
54 89
54 91
54 94
54 101
54 102
54 103
54 104
54 105
54 107
54 109
54 110
54 111
54 113
54 114
54 122
54 123
54 124
54 125
54 126
54 127
54 128
54 129
54 131
54 134
54 135
54 136
54 139
54 140
54 143
54 145
54 146
54 149
55 3
55 4
55 8
55 9
55 11
55 15
55 19
55 20
55 22
55 23
55 28
55 30
55 33
55 34
55 35
55 37
55 39
55 40
55 41
55 42
55 43
55 44
55 46
55 47
55 48
55 51
55 52
55 53
55 56
55 57
55 58
55 59
55 60
55 61
55 62
55 63
55 64
55 68
55 71
55 72
55 73
55 76
55 77
55 80
55 81
55 82
55 101
55 102
55 104
55 105
55 106
55 108
55 109
55 110
55 111
55 112
55 114
55 122
55 123
55 124
55 125
55 127
55 128
55 129
55 131
55 132
55 136
55 138
55 139
55 143
55 145
55 146
55 148
56 12
56 24
56 38
56 40
56 41
56 44
56 46
56 48
56 50
56 51
56 52
56 53
56 54
56 57
56 58
56 61
56 62
56 63
56 65
56 66
56 67
56 69
56 70
56 71
56 72
56 73
56 74
56 75
56 77
56 78
56 80
56 81
56 82
56 84
56 87
56 88
56 90
56 94
56 97
56 101
56 103
56 104
56 106
56 108
56 109
56 110
56 113
56 117
56 123
56 124
56 125
56 126
56 127
56 128
56 130
56 131
56 134
56 135
56 143
56 144
56 146
57 1
57 5
57 8
57 9
57 10
57 11
57 17
57 19
57 23
57 24
57 25
57 26
57 28
57 29
57 30
57 32
57 33
57 36
57 38
57 40
57 41
57 42
57 43
57 44
57 46
57 51
57 52
57 53
57 54
57 55
57 56
57 58
57 59
57 62
57 64
57 66
57 67
57 68
57 69
57 70
57 71
57 73
57 75
57 76
57 91
57 101
57 102
57 103
57 104
57 105
57 107
57 108
57 111
57 112
57 114
57 123
57 124
57 126
57 127
57 128
57 129
57 130
57 131
57 134
57 135
57 139
57 140
57 145
57 146
57 149
58 1
58 7
58 9
58 16
58 18
58 19
58 20
58 23
58 24
58 26
58 28
58 29
58 33
58 34
58 40
58 41
58 43
58 44
58 45
58 46
58 47
58 48
58 50
58 52
58 53
58 54
58 55
58 56
58 57
58 59
58 61
58 62
58 65
58 67
58 69
58 70
58 71
58 72
58 73
58 83
58 101
58 102
58 103
58 105
58 107
58 109
58 110
58 113
58 116
58 117
58 123
58 124
58 125
58 126
58 127
58 129
58 130
58 131
58 134
58 135
58 139
58 143
58 146
58 147
59 0
59 1
59 3
59 6
59 7
59 8
59 9
59 10
59 11
59 13
59 14
59 15
59 17
59 20
59 22
59 25
59 26
59 28
59 30
59 31
59 32
59 34
59 36
59 39
59 43
59 44
59 46
59 47
59 48
59 49
59 50
59 51
59 52
59 57
59 60
59 62
59 66
59 67
59 68
59 70
59 73
59 80
59 81
59 82
59 101
59 102
59 103
59 105
59 106
59 109
59 111
59 112
59 114
59 123
59 125
59 126
59 127
59 128
59 129
59 130
59 131
59 132
59 133
59 134
59 135
59 138
59 144
59 145
59 146
60 8
60 9
60 10
60 12
60 13
60 14
60 16
60 18
60 23
60 24
60 25
60 26
60 27
60 28
60 31
60 32
60 36
60 37
60 38
60 39
60 43
60 46
60 48
60 49
60 50
60 51
60 52
60 55
60 56
60 57
60 59
60 61
60 62
60 64
60 65
60 66
60 68
60 70
60 71
60 78
60 80
60 85
60 87
60 101
60 102
60 104
60 105
60 108
60 109
60 110
60 113
60 114
60 122
60 124
60 125
60 126
60 127
60 128
60 131
60 135
60 140
60 144
60 145
60 146
60 147
60 148
61 0
61 2
61 3
61 6
61 12
61 15
61 17
61 18
61 20
61 22
61 23
61 24
61 26
61 29
61 30
61 34
61 35
61 37
61 39
61 42
61 43
61 45
61 46
61 48
61 49
61 50
61 52
61 53
61 54
61 55
61 56
61 57
61 58
61 59
61 64
61 66
61 70
61 71
61 73
61 74
61 77
61 78
61 81
61 88
61 101
61 102
61 105
61 107
61 108
61 109
61 113
61 114
61 123
61 125
61 126
61 127
61 130
61 132
61 133
61 134
61 135
61 143
61 144
62 2
62 6
62 11
62 17
62 22
62 27
62 35
62 36
62 38
62 40
62 42
62 43
62 44
62 46
62 47
62 49
62 52
62 55
62 56
62 57
62 58
62 59
62 61
62 63
62 64
62 65
62 67
62 68
62 70
62 73
62 74
62 77
62 80
62 81
62 101
62 103
62 105
62 106
62 107
62 109
62 110
62 113
62 115
62 125
62 127
62 128
62 130
62 131
62 134
62 135
62 140
62 143
63 2
63 3
63 11
63 15
63 17
63 22
63 26
63 31
63 33
63 36
63 37
63 38
63 40
63 41
63 42
63 43
63 44
63 45
63 49
63 52
63 54
63 55
63 56
63 59
63 62
63 65
63 67
63 68
63 69
63 70
63 72
63 73
63 75
63 76
63 80
63 81
63 82
63 85
63 101
63 102
63 105
63 107
63 108
63 110
63 111
63 112
63 114
63 127
63 130
63 131
63 132
63 133
63 134
63 135
63 136
63 138
63 140
63 144
63 146
64 1
64 4
64 6
64 12
64 14
64 18
64 23
64 25
64 26
64 27
64 28
64 29
64 30
64 31
64 33
64 34
64 35
64 36
64 38
64 40
64 42
64 43
64 44
64 46
64 49
64 51
64 52
64 55
64 56
64 57
64 58
64 59
64 60
64 61
64 62
64 63
64 66
64 67
64 69
64 70
64 71
64 73
64 76
64 101
64 102
64 103
64 104
64 105
64 107
64 108
64 109
64 114
64 116
64 125
64 126
64 127
64 130
64 131
64 134
64 135
64 140
64 144
65 10
65 15
65 17
65 25
65 33
65 35
65 38
65 39
65 40
65 41
65 42
65 43
65 46
65 51
65 52
65 55
65 56
65 57
65 60
65 62
65 63
65 67
65 71
65 73
65 74
65 75
65 76
65 77
65 80
65 82
65 83
65 87
65 88
65 89
65 101
65 102
65 103
65 107
65 108
65 109
65 117
65 125
65 126
65 127
65 129
65 130
65 131
65 135
65 143
66 2
66 3
66 5
66 6
66 8
66 9
66 11
66 12
66 13
66 14
66 15
66 16
66 17
66 18
66 19
66 22
66 25
66 27
66 30
66 31
66 33
66 35
66 39
66 40
66 44
66 45
66 46
66 48
66 51
66 56
66 57
66 58
66 59
66 61
66 62
66 64
66 65
66 67
66 71
66 72
66 75
66 76
66 77
66 78
66 81
66 82
66 84
66 91
66 92
66 99
66 101
66 102
66 103
66 110
66 114
66 124
66 125
66 126
66 127
66 131
66 135
66 139
67 2
67 11
67 13
67 21
67 24
67 26
67 28
67 34
67 39
67 40
67 41
67 42
67 43
67 53
67 54
67 56
67 58
67 59
67 62
67 63
67 65
67 66
67 68
67 69
67 71
67 72
67 74
67 77
67 78
67 80
67 82
67 87
67 101
67 102
67 109
67 113
67 114
67 125
67 126
67 130
67 135
67 140
68 3
68 9
68 12
68 13
68 20
68 21
68 23
68 30
68 32
68 34
68 35
68 36
68 40
68 41
68 42
68 43
68 44
68 46
68 51
68 52
68 54
68 55
68 56
68 57
68 58
68 59
68 60
68 61
68 62
68 63
68 64
68 66
68 70
68 73
68 74
68 76
68 77
68 84
68 102
68 105
68 109
68 110
68 126
68 127
68 134
68 135
68 144
69 5
69 8
69 11
69 18
69 20
69 27
69 30
69 31
69 35
69 38
69 40
69 42
69 44
69 46
69 48
69 49
69 51
69 56
69 58
69 60
69 63
69 64
69 67
69 70
69 72
69 74
69 75
69 76
69 77
69 78
69 80
69 82
69 83
69 85
69 87
69 88
69 107
69 109
69 114
69 127
69 131
69 134
70 4
70 5
70 6
70 8
70 10
70 12
70 14
70 15
70 16
70 18
70 23
70 24
70 25
70 26
70 27
70 30
70 31
70 33
70 34
70 36
70 38
70 41
70 44
70 45
70 48
70 49
70 51
70 55
70 57
70 59
70 60
70 61
70 63
70 64
70 65
70 66
70 68
70 82
70 101
70 105
70 107
70 109
70 126
70 127
70 135
71 3
71 6
71 10
71 15
71 16
71 19
71 28
71 33
71 35
71 36
71 38
71 40
71 41
71 42
71 43
71 46
71 48
71 49
71 51
71 52
71 53
71 55
71 56
71 62
71 63
71 64
71 65
71 67
71 69
71 74
71 75
71 76
71 107
71 114
71 127
71 130
71 134
72 38
72 40
72 42
72 43
72 44
72 47
72 56
72 61
72 62
72 65
72 67
72 69
72 70
72 73
72 74
72 77
72 78
72 79
72 81
72 82
72 83
72 87
72 88
72 115
72 130
72 143
73 30
73 34
73 39
73 40
73 42
73 44
73 46
73 49
73 52
73 54
73 62
73 65
73 67
73 68
73 69
73 72
73 74
73 77
73 78
73 79
73 80
73 81
73 82
73 88
73 109
73 134
73 135
74 22
74 26
74 29
74 30
74 38
74 40
74 42
74 44
74 45
74 50
74 52
74 58
74 62
74 64
74 69
74 70
74 71
74 72
74 73
74 75
74 79
74 81
74 82
74 84
74 87
74 102
74 125
74 140
75 13
75 24
75 28
75 29
75 38
75 40
75 43
75 46
75 49
75 53
75 54
75 56
75 59
75 60
75 63
75 65
75 68
75 71
75 72
75 73
75 74
75 76
75 77
75 80
75 82
75 83
75 85
75 87
75 88
75 125
75 140
76 33
76 36
76 40
76 41
76 44
76 53
76 55
76 57
76 58
76 69
76 73
76 75
76 77
76 80
76 81
76 82
76 83
76 87
76 88
76 89
76 127
77 30
77 35
77 38
77 42
77 44
77 48
77 52
77 55
77 63
77 72
77 75
77 76
77 79
77 80
77 81
77 82
77 84
77 85
77 87
77 91
77 141
78 28
78 42
78 49
78 54
78 56
78 60
78 73
78 75
78 77
78 79
78 81
78 84
78 85
78 87
78 127
79 42
79 72
79 74
79 77
79 78
79 81
79 84
79 86
79 87
79 90
79 93
79 100
79 130
80 22
80 48
80 51
80 56
80 63
80 69
80 77
80 83
80 85
80 87
80 88
81 25
81 38
81 42
81 66
81 73
81 77
81 78
81 79
81 85
81 86
82 54
82 56
82 65
82 79
82 83
82 87
82 90
82 91
82 93
83 23
83 53
83 65
83 69
83 79
83 80
83 82
83 88
84 52
84 62
84 77
84 79
84 90
84 93
85 55
85 63
85 69
85 75
85 88
85 89
86 0
86 6
86 12
86 18
86 81
86 84
86 92
87 44
87 69
87 72
87 74
87 77
87 81
87 82
88 40
88 42
88 72
88 75
88 82
89 82
89 87
90 93
90 96
90 99
91 87
91 94
91 99
92 84
92 89
93 84
93 90
94 82
94 83
95 99
101 0
101 1
101 2
101 3
101 5
101 6
101 7
101 8
101 9
101 10
101 11
101 12
101 14
101 15
101 16
101 17
101 18
101 19
101 20
101 21
101 22
101 23
101 27
101 28
101 29
101 32
101 33
101 34
101 37
101 38
101 39
101 40
101 41
101 42
101 44
101 46
101 50
101 51
101 52
101 54
101 55
101 56
101 57
101 58
101 60
101 61
101 62
101 63
101 67
102 0
102 1
102 2
102 4
102 5
102 6
102 7
102 8
102 9
102 10
102 11
102 12
102 13
102 14
102 15
102 16
102 17
102 18
102 19
102 20
102 21
102 23
102 24
102 25
102 27
102 28
102 29
102 30
102 31
102 32
102 33
102 34
102 35
102 36
102 37
102 38
102 39
102 41
102 42
102 43
102 44
102 45
102 46
102 47
102 48
102 50
102 51
102 52
102 53
102 54
102 55
102 56
102 59
102 61
102 62
102 129
102 147
103 0
103 1
103 3
103 4
103 8
103 9
103 11
103 12
103 16
103 19
103 20
103 23
103 26
103 28
103 31
103 32
103 33
103 38
103 42
103 43
103 45
103 48
103 54
103 59
103 70
104 0
104 1
104 2
104 3
104 4
104 5
104 6
104 8
104 9
104 10
104 12
104 13
104 14
104 15
104 16
104 17
104 18
104 19
104 20
104 21
104 22
104 23
104 24
104 25
104 26
104 27
104 28
104 29
104 30
104 31
104 32
104 33
104 34
104 35
104 37
104 38
104 39
104 40
104 41
104 42
104 43
104 46
104 48
104 49
104 50
104 53
104 54
104 55
104 56
104 57
104 59
104 124
104 130
104 134
104 149
105 0
105 1
105 2
105 4
105 5
105 6
105 7
105 8
105 9
105 10
105 11
105 12
105 13
105 14
105 15
105 16
105 19
105 20
105 21
105 23
105 24
105 25
105 27
105 28
105 29
105 30
105 31
105 32
105 33
105 34
105 35
105 36
105 37
105 38
105 40
105 41
105 42
105 44
105 45
105 48
105 49
105 50
105 51
105 52
105 54
105 55
105 56
105 58
105 60
105 64
105 66
105 129
105 147
106 0
106 1
106 2
106 3
106 4
106 5
106 6
106 7
106 9
106 10
106 11
106 12
106 13
106 14
106 15
106 16
106 18
106 19
106 20
106 21
106 22
106 23
106 24
106 25
106 26
106 29
106 30
106 31
106 32
106 33
106 35
106 36
106 37
106 40
106 42
106 43
106 44
106 46
106 47
106 48
106 49
106 50
106 51
106 52
106 54
106 56
106 58
106 59
106 60
106 124
106 149
107 0
107 1
107 2
107 4
107 5
107 6
107 7
107 8
107 9
107 11
107 12
107 13
107 15
107 16
107 17
107 18
107 19
107 20
107 21
107 22
107 23
107 24
107 25
107 26
107 27
107 28
107 29
107 30
107 31
107 32
107 33
107 34
107 37
107 38
107 40
107 41
107 42
107 43
107 45
107 47
107 49
107 50
107 51
107 53
107 54
107 55
107 59
107 62
107 65
107 66
107 67
107 68
107 130
107 131
107 134
107 139
107 143
107 144
108 0
108 1
108 2
108 3
108 4
108 5
108 6
108 7
108 8
108 9
108 10
108 11
108 12
108 13
108 14
108 15
108 16
108 17
108 18
108 19
108 20
108 21
108 22
108 25
108 26
108 30
108 32
108 33
108 35
108 40
108 41
108 42
108 43
108 44
108 46
108 47
108 48
108 52
108 53
108 57
108 58
108 60
108 63
108 64
109 1
109 2
109 3
109 4
109 5
109 6
109 7
109 8
109 9
109 10
109 11
109 12
109 13
109 14
109 15
109 17
109 18
109 19
109 20
109 24
109 26
109 27
109 28
109 29
109 33
109 34
109 35
109 36
109 38
109 39
109 40
109 42
109 43
109 44
109 45
109 47
109 49
109 50
109 51
109 52
109 53
109 55
109 56
109 57
109 58
109 59
109 61
109 65
109 66
109 69
109 72
110 0
110 1
110 2
110 3
110 4
110 5
110 6
110 7
110 8
110 9
110 10
110 11
110 12
110 13
110 14
110 15
110 16
110 17
110 18
110 19
110 20
110 21
110 22
110 23
110 24
110 25
110 26
110 27
110 28
110 29
110 30
110 31
110 32
110 33
110 34
110 35
110 36
110 37
110 38
110 39
110 40
110 41
110 45
110 46
110 47
110 48
110 49
110 50
110 51
110 52
110 54
110 55
110 56
110 57
110 58
110 59
110 60
110 64
111 0
111 1
111 2
111 3
111 4
111 5
111 6
111 7
111 8
111 9
111 10
111 11
111 13
111 14
111 16
111 17
111 18
111 19
111 20
111 21
111 22
111 23
111 24
111 25
111 27
111 28
111 29
111 30
111 31
111 32
111 33
111 34
111 35
111 36
111 37
111 38
111 39
111 40
111 41
111 42
111 43
111 44
111 45
111 46
111 47
111 48
111 49
111 50
111 51
111 52
111 54
111 55
111 56
111 59
111 60
112 0
112 2
112 3
112 4
112 5
112 6
112 7
112 8
112 9
112 10
112 11
112 12
112 14
112 15
112 16
112 18
112 19
112 20
112 21
112 22
112 23
112 25
112 27
112 28
112 29
112 30
112 31
112 32
112 34
112 35
112 37
112 39
112 41
112 46
112 52
113 0
113 1
113 2
113 3
113 4
113 5
113 6
113 7
113 8
113 9
113 10
113 11
113 12
113 13
113 14
113 15
113 16
113 17
113 18
113 19
113 20
113 23
113 24
113 25
113 26
113 27
113 28
113 31
113 33
113 34
113 36
113 37
113 39
113 40
113 41
113 42
113 44
113 45
113 46
113 47
113 48
113 49
113 51
113 53
113 54
113 55
113 57
113 58
113 59
113 60
113 71
114 0
114 1
114 2
114 3
114 4
114 5
114 6
114 7
114 8
114 9
114 11
114 12
114 13
114 14
114 15
114 16
114 17
114 18
114 19
114 20
114 21
114 22
114 24
114 25
114 26
114 27
114 28
114 29
114 30
114 31
114 32
114 33
114 34
114 35
114 36
114 38
114 40
114 41
114 42
114 43
114 44
114 45
114 46
114 48
114 49
114 50
114 51
114 52
114 53
114 54
114 55
114 56
114 58
114 59
114 60
114 62
114 63
114 65
114 67
114 131
114 139
114 144
115 0
115 3
115 4
115 5
115 9
115 11
115 12
115 21
115 22
115 23
115 24
115 25
115 26
115 27
115 29
115 37
115 50
116 0
116 1
116 2
116 3
116 4
116 5
116 6
116 10
116 11
116 12
116 14
116 16
116 17
116 19
116 21
116 22
116 23
116 25
116 26
116 27
116 29
116 30
116 37
116 42
116 47
116 50
116 73
117 0
117 2
117 3
117 4
117 5
117 6
117 7
117 8
117 9
117 10
117 11
117 12
117 13
117 14
117 15
117 16
117 17
117 18
117 19
117 20
117 21
117 22
117 23
117 24
117 25
117 26
117 27
117 28
117 29
117 30
117 31
117 32
117 34
117 35
117 39
117 44
117 45
117 46
117 47
117 48
117 49
117 51
117 54
117 56
117 57
117 60
117 63
117 68
118 0
118 2
118 3
118 4
118 5
118 6
118 7
118 8
118 9
118 11
118 12
118 13
118 14
118 15
118 16
118 17
118 18
118 21
118 22
118 23
118 24
118 25
118 27
118 29
118 30
118 32
118 35
118 37
118 41
118 43
118 50
119 1
119 6
119 9
119 12
119 15
119 16
119 55
119 70
120 43
120 46
120 62
121 3
121 35
121 36
121 46
121 47
121 62
121 68
121 69
124 106
124 111
124 112
124 129
124 131
124 139
124 149
129 102
130 124
130 129
130 134
130 143
130 144
130 149
131 104
131 106
131 107
131 114
131 129
131 143
131 147
134 124
134 129
134 130
134 143
134 144
134 149
139 102
139 104
139 105
139 106
139 107
139 114
139 129
139 131
139 147
139 149
143 129
143 130
143 134
143 144
143 149
144 130
144 134
144 143
144 149
147 105
147 113
147 131
147 139
149 104
149 106
149 110
149 118
149 124
149 129
149 131
149 139
149 143
149 147
151 3
151 4
151 6
151 8
151 12
151 19
151 22
151 34
151 43
151 50
151 51
151 55
151 57
151 65
151 66
151 67
151 70
151 82
152 2
152 3
152 13
152 17
152 24
152 27
152 31
152 38
152 39
152 52
152 53
152 54
152 64
152 67
152 77
153 3
153 6
153 9
153 12
153 15
153 17
153 19
153 20
153 22
153 24
153 28
153 29
153 30
153 31
153 36
153 43
153 51
153 60
153 65
153 67
153 70
154 7
154 9
154 11
154 13
154 16
154 31
154 32
154 33
154 34
154 36
154 39
154 41
154 50
154 52
154 53
154 64
154 65
154 66
154 67
155 2
155 3
155 5
155 6
155 11
155 15
155 20
155 22
155 28
155 29
155 34
155 41
155 53
155 59
155 64
155 66
155 67
155 70
155 75
156 2
156 3
156 4
156 6
156 11
156 22
156 24
156 25
156 32
156 39
156 41
156 42
156 43
156 48
156 64
156 66
156 74
156 79
157 4
157 11
157 12
157 17
157 18
157 26
157 39
157 52
157 54
157 67
158 2
158 4
158 5
158 6
158 12
158 21
158 29
158 57
158 60
158 65
158 66
158 80
159 6
159 12
159 17
159 18
159 32
159 36
159 37
159 42
159 53
159 57
159 59
159 69
159 70
159 73
160 0
160 3
160 7
160 10
160 13
160 22
160 32
160 39
160 50
160 51
160 59
160 60
160 65
160 69
161 5
161 7
161 9
161 11
161 13
161 17
161 32
161 34
161 36
161 39
161 41
161 48
161 56
161 59
161 60
161 63
161 64
161 69
161 72
162 2
162 6
162 7
162 12
162 14
162 33
162 39
162 44
162 46
162 48
162 51
162 54
162 57
162 62
162 64
162 66
162 68
162 69
162 72
162 73
162 74
162 78
163 5
163 15
163 24
163 45
163 48
163 50
163 57
163 60
163 66
163 69
163 70
163 74
164 0
164 3
164 7
164 9
164 13
164 14
164 24
164 29
164 36
164 38
164 43
164 44
164 47
164 51
164 52
164 73
165 4
165 7
165 16
165 20
165 22
165 32
165 33
165 34
165 35
165 51
165 54
165 57
165 65
165 66
165 67
165 74
165 75
166 9
166 13
166 17
166 34
166 36
166 41
166 46
166 48
166 50
166 53
166 54
166 64
166 65
166 69
166 70
166 72
166 73
167 6
167 17
167 24
167 28
167 34
167 48
167 49
167 50
167 61
168 17
168 19
168 24
168 28
168 31
168 34
168 36
168 39
168 43
168 50
168 51
168 55
168 61
168 71
168 73
169 0
169 1
169 7
169 9
169 11
169 14
169 15
169 16
169 24
169 31
169 36
169 38
169 42
169 47
169 54
169 55
169 60
169 64
169 67
169 68
170 4
170 7
170 13
170 15
170 16
170 32
170 36
170 42
170 55
170 64
171 0
172 4
172 14
172 19
172 34
172 35
172 44
172 54
172 59
172 68
172 73
173 13
173 14
173 43
173 44
173 51
173 59
173 60
173 64
173 67
173 73
173 76
174 15
174 16
174 19
174 34
174 55
175 0
175 1
176 3
176 5
176 7
176 39
176 53
176 54
176 55
176 56
176 64
176 68
176 74
176 75
177 5
177 13
177 31
177 36
177 39
177 43
177 51
177 55
177 56
177 65
177 66
177 74
177 78
177 81
178 0
179 28
179 63
179 66
179 71
180 23
181 0
181 1
181 23
182 35
182 40
183 4
183 19
183 22
183 43
183 47
183 54
183 61
184 2
184 35
184 40
185 35
185 58
186 0
186 35
186 58
187 1
188 6
188 22
188 28
188 36
188 42
188 48
188 54
188 62
188 63
189 2
189 40
189 42
190 23
191 1
191 58
192 1
193 1
194 0
194 23
195 35
196 23
197 1
198 1
199 35
199 55
200 58
201 4
201 19
202 0
202 10
202 65
203 40
203 55
204 40
205 40
206 0
207 35
208 58
